3.703835310185561411e+02
3.851057866437671464e+02
4.085615679729120870e+02
4.244883228110255686e+02
4.433214162237189839e+02
4.620529341702051624e+02
4.670365748011294045e+02
4.858043922373271926e+02
4.799717035005371599e+02
4.790347222032663694e+02
4.724299600738712570e+02
4.763768375779328608e+02
4.841746062448978591e+02
4.937479445145112322e+02
5.107537031617937373e+02
5.142056467297660447e+02
5.076943697325987728e+02
5.213038117591131595e+02
5.249143037429972765e+02
5.170912664420243345e+02
5.160084362228892587e+02
5.078517026658887517e+02
5.037155430095565976e+02
5.085789704251990315e+02
5.169433618847832577e+02
5.211052086806582793e+02
5.190636208401456315e+02
5.133713721023036669e+02
5.155646057339326944e+02
5.197986555322854656e+02
5.122936846934356936e+02
5.177630172229124810e+02
5.219759128423481798e+02
5.130440319224474024e+02
5.126954214324442773e+02
5.099883855860070980e+02
5.188551725708628055e+02
5.128483772063673314e+02
5.248028999501485714e+02
5.216282736784665985e+02
4.992308583693166497e+02
4.762923970040642985e+02
4.768207339606203163e+02
4.861990254100084030e+02
4.895157086579909560e+02
4.842038094049047459e+02
4.778286465747379452e+02
4.839511374774343722e+02
4.935503887714373832e+02
4.970357438745841137e+02
4.990334080539880688e+02
4.927495579278918285e+02
4.836460543363719466e+02
4.813264543789553045e+02
4.713367280414415177e+02
4.791846428836793734e+02
4.770435285029241186e+02
4.713000883618097987e+02
