3.403315796255184544e+00
3.631127050993054439e+00
3.904817001695175538e+00
2.582973327343681902e+00
2.574995505515250471e+00
2.074935277660053146e+00
9.387174940726477068e-01
9.250898228318811256e-01
1.002132651980902178e+00
8.562103561252576434e-01
1.123218053873751732e+00
1.175410803031904594e+00
1.671419677096210421e+00
2.199641351864790373e+00
2.661076940442072658e+00
4.865282632775863370e+00
4.035414432235216786e+00
3.314619594575434647e+00
2.728112998850805493e+00
1.191619778427826182e+00
9.991158483385942368e-01
1.026829355311323022e+00
1.542457956171286559e+00
1.558542784564947992e+00
2.470243717577026654e+00
4.145411218670690623e+00
4.987951626070380229e+00
4.266674356169888327e+00
4.043665843157786099e+00
2.408619945025513687e+00
1.981897441636271795e+00
1.098856173920833346e+00
2.189276541231745199e+00
9.669661472681886361e-01
1.408384640952366151e+00
2.663699593924835352e+00
3.679871402587922891e+00
5.159710457064912603e+00
7.055617804976158425e+00
5.122050094644844620e+00
3.547857212789496728e+00
2.021565142899976575e+00
1.433735303252179571e+00
1.007967438603623034e+00
1.468724264491061415e+00
2.194611469549436755e+00
2.669051144407055265e+00
4.204694119949038189e+00
4.404401222792763804e+00
5.029301093996632943e+00
4.293251548863885603e+00
3.521370436747848665e+00
2.608655151205637512e+00
9.845524429590650772e-01
7.786841858831792251e-01
