4.173479627810744205e+03
4.219076371382585421e+03
4.291394035750293369e+03
4.361812544614412218e+03
4.445629508679273385e+03
4.527216567699977531e+03
4.584834916439356675e+03
4.649579887420085470e+03
4.663455473028356209e+03
4.678389569821831174e+03
4.684221241598161214e+03
4.707230599591159262e+03
4.748428527795867922e+03
4.795578389537247858e+03
4.868778383847374243e+03
4.936940739424497224e+03
5.010751957256541573e+03
5.096542323304140155e+03
5.161587316205326715e+03
5.189859087756799454e+03
5.210544756099104234e+03
5.216288754461438657e+03
5.228732053412740242e+03
5.253708107418087820e+03
5.290156929272842717e+03
5.335346342545087282e+03
5.385069153550350165e+03
5.445840663068876893e+03
5.510982338279202850e+03
5.581359529873116117e+03
5.634315072811420578e+03
5.684027500910859999e+03
5.717332816581395491e+03
5.728529204550942268e+03
5.747099129682296734e+03
5.762802396494844288e+03
5.796955361512300442e+03
5.825721867878796729e+03
5.891430461114047830e+03
5.946914265508345125e+03
5.995148158351150414e+03
6.041928818008848793e+03
6.090826454918798845e+03
6.140250098668911050e+03
6.171226453598923399e+03
6.180817921236377515e+03
6.185116010175653173e+03
6.207486269406597785e+03
6.248136194577552487e+03
6.282215424482373237e+03
6.332377786334026496e+03
6.379863431498393766e+03
6.427225266222698338e+03
6.480410547420593502e+03
6.508482429340279850e+03
6.550808571608272359e+03
6.565378135537911476e+03
6.567294178547645970e+03
