3.704678764789750858e+02
3.852280532834840869e+02
4.087387404020076360e+02
4.247297302104195751e+02
4.436316675664730838e+02
4.624228464995944705e+02
4.674585729712549664e+02
4.862604151601832427e+02
4.804494488601012563e+02
4.795272190085798343e+02
4.729366540275011062e+02
4.768975243833459103e+02
4.847185347770414410e+02
4.943167297554308561e+02
5.113570463948910287e+02
5.148527559271349219e+02
5.083931201466098742e+02
5.220372615107372667e+02
5.256779581960973928e+02
5.178735665483827688e+02
5.168002259806719394e+02
5.086509796256335108e+02
5.045218270440004176e+02
5.093913232280995089e+02
5.177639100170072197e+02
5.219393569894207303e+02
5.199157162793660518e+02
5.142432805172377357e+02
5.164522410582911789e+02
5.207016145532181781e+02
5.132093244122218039e+02
5.186856009419174143e+02
5.229033976778284796e+02
5.139759961407265791e+02
5.136301483035844058e+02
5.109259434243795113e+02
5.197954824007863408e+02
5.137941572684453604e+02
5.257553403609244924e+02
5.225895049955149716e+02
5.001985449504447843e+02
4.772578923489240879e+02
4.777830136553973261e+02
4.871598341325079673e+02
4.904765258838074260e+02
4.851644823503852422e+02
4.787889107276187701e+02
4.849109427317263794e+02
4.945101962382182137e+02
4.979964307655546918e+02
4.999965965935463146e+02
4.937146911728837040e+02
4.846104258777956488e+02
4.822885417663019325e+02
4.722956892501860011e+02
4.801417659808583380e+02
4.779999359465767839e+02
4.722558706346537747e+02
