3.236743127529946307e+00
3.448093379046104801e+00
3.682106388667441443e+00
2.447543390608617031e+00
2.448448254716263150e+00
1.957134899834275910e+00
8.857075264231830669e-01
8.721864020535093909e-01
9.378220548093247899e-01
8.119015927008155220e-01
1.060949438117589461e+00
1.122138607885462047e+00
1.572926997427832152e+00
2.079544627085587294e+00
2.522227346465397702e+00
4.557812079480505929e+00
3.802498752816086292e+00
3.131561103961063797e+00
2.575669476839272054e+00
1.116651531882780768e+00
9.365477644808755109e-01
9.610424475885500639e-01
1.457855252841384397e+00
1.479656829005129959e+00
2.340226510428686346e+00
3.898253148291981329e+00
4.686777546117626869e+00
4.022844780425008260e+00
3.814714222184338865e+00
2.279461408298761427e+00
1.871364157684056062e+00
1.028325495308675119e+00
2.076601256722288014e+00
9.038447283728534565e-01
1.345343322377039907e+00
2.530267952567313294e+00
3.487664227585445254e+00
4.901233786728774078e+00
6.643968614442215426e+00
4.828000480417768081e+00
3.378131297637928299e+00
1.924452757989485452e+00
1.365144073323423024e+00
9.624314061159480183e-01
1.399198513353970164e+00
2.100974324183382258e+00
2.560993491333300565e+00
4.011177334943319295e+00
4.183792964409637882e+00
4.779399599643776142e+00
4.093037293986632186e+00
3.356595449937882947e+00
2.490180760718392783e+00
9.391436010919316235e-01
7.411906693800154322e-01
