4.172810989467127001e+03
4.218095705291472768e+03
4.289953682142801881e+03
4.359805905442979565e+03
4.442974382257667457e+03
4.523964017703231548e+03
4.581011493416204758e+03
4.645369753700950241e+03
4.658990685397673587e+03
4.673741799200207424e+03
4.679388345611711884e+03
4.702208182247716650e+03
4.743082048783731807e+03
4.789880402061826317e+03
4.862587622609391474e+03
4.930086612105413224e+03
5.002988582973643133e+03
5.088079760497294046e+03
5.152486430693360489e+03
5.180309300233734575e+03
5.200744203527784521e+03
5.206274984734610371e+03
5.218497442143507214e+03
5.243272985372785115e+03
5.279455546254144792e+03
5.324204473324862192e+03
5.373323558420834161e+03
5.433273325456792008e+03
5.497682703358826984e+03
5.567303547131528831e+03
5.619463664596231865e+03
5.668666054210370930e+03
5.701645182000448585e+03
5.712527012190349524e+03
5.730855182035741564e+03
5.746304685261962732e+03
5.780204087457117566e+03
5.808485220936707265e+03
5.873604986072375141e+03
5.928325386358750620e+03
5.975440739878104978e+03
6.021010775962724438e+03
6.069179236006626525e+03
6.118083067595417560e+03
6.148680509558481390e+03
6.158002247393926154e+03
6.162080341934409262e+03
6.184258072176622591e+03
6.224528945240184839e+03
6.258188372707520102e+03
6.307667051495122905e+03
6.354297900384707646e+03
6.400699428659166188e+03
6.452972798656078339e+03
6.480313740531242729e+03
6.522143446431335178e+03
6.536415489872321814e+03
6.538145125151882894e+03
