3.575890048395136205e+02
3.652525337970753299e+02
3.783253103824952177e+02
3.853133848448992467e+02
3.944789679334577386e+02
4.072759666320616816e+02
4.220106213543278955e+02
4.460838599996583866e+02
4.430783825826076736e+02
4.440042967101516638e+02
4.393152852187059807e+02
4.454012882443106491e+02
4.563575918368924249e+02
4.699872561340573611e+02
4.929582983721694518e+02
5.050378958599695807e+02
5.093703059937537319e+02
5.318415790492681481e+02
5.403278759727977558e+02
5.341114866249963598e+02
5.333926153955878817e+02
5.255059321709039750e+02
5.218446618315616661e+02
5.270490001809657770e+02
5.369192382187026169e+02
5.440334680462658525e+02
5.469567514661362111e+02
5.483458989529982546e+02
5.577763923146728757e+02
5.687082491874372181e+02
5.654970637066369363e+02
5.730535334324396217e+02
5.772347214186203246e+02
5.677395942667250210e+02
5.654700764784929561e+02
5.612781800049519916e+02
5.692490861921711485e+02
5.615725428864941478e+02
5.732688683697692795e+02
5.720277225574243403e+02
5.542206760589795067e+02
5.335527818613192039e+02
5.339404906682675573e+02
5.410934569693138201e+02
5.434047437728307841e+02
5.375533281018533671e+02
5.305098283566509281e+02
5.360389058924470191e+02
5.452642508977008902e+02
5.487625076216010029e+02
5.538220795154580856e+02
5.506011195701840961e+02
5.438317236605663538e+02
5.436760703934404546e+02
5.333650151327985895e+02
5.418843808907172388e+02
5.388299664056071379e+02
5.317399949734555094e+02
