2.714549310093509860e+00
2.897217626002623891e+00
3.379517213592360569e+00
2.340418377582893505e+00
2.325505775021326826e+00
1.721611518868666479e+00
7.897717432035714635e-01
7.795718981947349357e-01
8.046375823845113295e-01
7.795773939919381501e-01
1.015647810259455941e+00
1.147836316161647829e+00
1.447231617780505575e+00
2.018714793833965793e+00
2.411773551827765871e+00
4.041355777171831143e+00
3.722622728335237774e+00
3.107366453672051776e+00
2.546330615706291933e+00
1.058051985247713711e+00
8.806680770397364855e-01
9.145192422138405108e-01
1.473167736389827231e+00
1.518906250147877834e+00
2.392928254108067865e+00
3.799100927512419457e+00
4.694827061966679871e+00
4.093630220356800464e+00
3.922629102646190802e+00
2.338001602046524852e+00
1.898297072815986919e+00
9.815902701414040976e-01
2.136242311480521572e+00
8.664011736977500489e-01
1.388059483296997687e+00
2.680205739873152471e+00
3.638752786878492351e+00
5.088826500968037791e+00
6.860928263319427955e+00
5.085237622220716958e+00
3.595501446238448917e+00
2.009370837477268967e+00
1.452086886945993527e+00
1.019050634459165661e+00
1.509682692950090166e+00
2.249274653558046566e+00
2.815200083244471685e+00
4.261885115925473144e+00
4.384595858656065381e+00
5.066329305997945731e+00
4.491501094998744392e+00
3.613955200049072225e+00
2.670642836672537879e+00
9.898741244634738923e-01
7.684315860167154622e-01
