4.149865525009254270e+03
4.181666935277849916e+03
4.232441920199804372e+03
4.281075750350252747e+03
4.339261589164033467e+03
4.400606989638014056e+03
4.464071646123940809e+03
4.531460417741213860e+03
4.546290685876190764e+03
4.561768228608078061e+03
4.568309465583711244e+03
4.592435624190533417e+03
4.634966962441253600e+03
4.684884146748988314e+03
4.762971064643696081e+03
4.839832822277689047e+03
4.926437781615309177e+03
5.024566462876875448e+03
5.096785077741070381e+03
5.127541903212399120e+03
5.148841487318090003e+03
5.155074337917595585e+03
5.168386134033311464e+03
5.194026828168456632e+03
5.233059681141950023e+03
5.283489472976038087e+03
5.342362639837799179e+03
5.417296486581289173e+03
5.497830691982095232e+03
5.583994408477914476e+03
5.650126228422705026e+03
5.707571385928456039e+03
5.743673520755968639e+03
5.756711673990669624e+03
5.774271465596041708e+03
5.789636256736044743e+03
5.824346816264615882e+03
5.854053162094638537e+03
5.923518279074784914e+03
5.987590579034247639e+03
6.052190321019091243e+03
6.113681687002501349e+03
6.169290494785340343e+03
6.219925512917445303e+03
6.252556590825451167e+03
6.263552000304766807e+03
6.268618066149295373e+03
6.291617845224533085e+03
6.334699793045015213e+03
6.372083257300399964e+03
6.432686602805345501e+03
6.492554805761354146e+03
6.552711561424511274e+03
6.618348042884113056e+03
6.653313453319081418e+03
6.701744350776720239e+03
6.717849001712773315e+03
6.719437137485310814e+03
